tensor([-5.7605e-01,  4.6246e-01,  4.2921e-01,  3.9979e-01,  3.6534e-01,
         3.2887e-01,  2.9193e-01,  2.5030e-01,  2.0611e-01,  1.6132e-01,
         1.1377e-01,  6.0666e-02,  7.1237e-03, -5.2489e-02, -1.1372e-01,
        -1.8034e-01, -2.5058e-01, -3.2505e-01, -4.0506e-01, -4.8793e-01,
        -5.7851e-01, -5.7855e-01, -5.7642e-01, -5.7707e-01, -5.7642e-01,
        -5.7730e-01,  4.5849e-01,  4.2815e-01,  4.0004e-01,  3.6614e-01,
         3.3170e-01,  2.9139e-01,  2.5133e-01,  2.0897e-01,  1.6304e-01,
         1.1495e-01,  6.3880e-02,  7.6394e-03, -4.9514e-02, -1.1231e-01,
        -1.7778e-01, -2.4972e-01, -3.2281e-01, -4.0227e-01, -4.8490e-01,
        -5.7361e-01, -5.7605e-01, -5.7708e-01, -5.7605e-01,  6.8693e+00,
         7.2458e+00, -5.7682e-01, -5.7751e-01, -5.7706e-01, -4.8755e-01,
        -5.7749e-01, -5.7682e-01, -5.7637e-01, -5.7670e-01,  4.5953e-01,
         4.3116e-01,  4.0056e-01,  3.6642e-01,  3.3161e-01,  2.9426e-01,
         2.5194e-01,  2.0883e-01,  1.6345e-01,  1.1368e-01,  6.2102e-02,
         7.3146e-03, -5.0262e-02, -1.1231e-01, -1.7908e-01, -2.4958e-01,
        -3.2300e-01, -4.0184e-01, -4.8595e-01, -5.7546e-01,  6.8691e+00,
         7.2451e+00, -5.7769e-01, -5.7637e-01, -5.7788e-01, -5.7682e-01,
        -5.7771e-01, -5.7751e-01, -5.7692e-01, -5.7670e-01, -5.7777e-01,
        -5.7769e-01, -5.7735e-01, -5.7637e-01, -4.8777e-01, -5.7827e-01,
        -5.7727e-01, -5.7642e-01, -5.7753e-01, -5.7727e-01, -5.7753e-01,
        -5.7605e-01, -5.7784e-01, -5.7790e-01, -4.8803e-01, -5.7629e-01,
        -5.7682e-01, -5.7807e-01, -5.7784e-01, -5.7605e-01, -5.7682e-01,
         4.6246e-01,  4.2921e-01,  3.9979e-01,  3.6534e-01,  3.2887e-01,
         2.9193e-01,  2.5030e-01,  2.0611e-01,  1.6132e-01,  1.1377e-01,
         6.0666e-02,  7.1237e-03, -5.2489e-02, -1.1372e-01, -1.8034e-01,
        -2.5058e-01, -3.2505e-01, -4.0506e-01, -4.8793e-01, -5.7851e-01,
         4.5972e-01,  4.3084e-01,  3.9987e-01,  3.6585e-01,  3.2987e-01,
         2.9101e-01,  2.5130e-01,  2.0794e-01,  1.6219e-01,  1.1360e-01,
         6.1654e-02,  7.1011e-03, -5.0089e-02, -1.1105e-01, -1.7724e-01,
        -2.5003e-01, -3.2246e-01, -4.0366e-01, -4.8893e-01, -5.7736e-01,
        -5.7855e-01, -5.7751e-01, -5.7670e-01, -5.7777e-01,  4.6126e-01,
         4.2952e-01,  3.9948e-01,  3.6571e-01,  3.2829e-01,  2.9092e-01,
         2.5032e-01,  2.0736e-01,  1.6116e-01,  1.1270e-01,  6.2090e-02,
         6.8659e-03, -5.0868e-02, -1.1360e-01, -1.8024e-01, -2.5099e-01,
        -3.2607e-01, -4.0327e-01, -4.8688e-01, -5.7861e-01, -4.8751e-01,
        -5.7843e-01,  4.6004e-01,  4.2891e-01,  4.0186e-01,  3.6595e-01,
         3.3139e-01,  2.9167e-01,  2.5271e-01,  2.0838e-01,  1.6262e-01,
         1.1448e-01,  6.2120e-02,  6.3131e-03, -5.0381e-02, -1.1262e-01,
        -1.7968e-01, -2.4758e-01, -3.2596e-01, -4.0414e-01, -4.8803e-01,
        -5.7840e-01, -5.7642e-01,  4.6020e-01,  4.3097e-01,  3.9857e-01,
         3.6583e-01,  3.2991e-01,  2.9085e-01,  2.5126e-01,  2.0779e-01,
         1.6143e-01,  1.1350e-01,  6.2682e-02,  6.1126e-03, -5.1880e-02,
        -1.1405e-01, -1.7960e-01, -2.5032e-01, -3.2285e-01, -4.0401e-01,
        -4.8723e-01, -5.7814e-01,  4.5987e-01,  4.3115e-01,  4.0021e-01,
         3.6597e-01,  3.3006e-01,  2.9174e-01,  2.5109e-01,  2.0766e-01,
         1.6299e-01,  1.1441e-01,  6.3014e-02,  8.1249e-03, -5.0236e-02,
        -1.1229e-01, -1.7827e-01, -2.4842e-01, -3.2301e-01, -4.0232e-01,
        -4.8665e-01, -5.7631e-01, -5.7758e-01,  6.1843e+00,  6.5149e+00,
         6.8708e+00,  7.2443e+00, -5.7682e-01, -5.7788e-01, -5.7605e-01,
        -5.7812e-01, -5.7605e-01, -4.8751e-01, -5.7843e-01, -5.7855e-01,
         4.6246e-01,  4.2921e-01,  3.9979e-01,  3.6534e-01,  3.2887e-01,
         2.9193e-01,  2.5030e-01,  2.0611e-01,  1.6132e-01,  1.1377e-01,
         6.0666e-02,  7.1237e-03, -5.2489e-02, -1.1372e-01, -1.8034e-01,
        -2.5058e-01, -3.2505e-01, -4.0506e-01, -4.8793e-01, -5.7851e-01,
        -5.7855e-01, -5.7751e-01, -5.7784e-01, -5.7795e-01, -5.7707e-01,
        -5.7605e-01, -4.8750e-01, -5.7858e-01, -5.7605e-01, -5.7727e-01,
        -5.7694e-01,  4.6090e-01,  4.2930e-01,  3.9929e-01,  3.6675e-01,
         3.2999e-01,  2.9019e-01,  2.5110e-01,  2.0862e-01,  1.6345e-01,
         1.1288e-01,  6.1287e-02,  7.4051e-03, -5.1423e-02, -1.1406e-01,
        -1.7971e-01, -2.4999e-01, -3.2414e-01, -4.0297e-01, -4.8833e-01,
        -5.7888e-01,  6.8691e+00,  7.2451e+00, -5.7670e-01, -5.7751e-01,
        -5.7692e-01, -5.7735e-01, -4.8715e-01, -5.7834e-01, -5.7682e-01,
        -5.7707e-01, -5.7619e-01, -4.8887e-01, -5.7662e-01, -5.7753e-01,
        -5.7753e-01, -5.7682e-01, -5.7779e-01, -5.7932e-01, -5.7682e-01,
         4.6246e-01,  4.2921e-01,  3.9979e-01,  3.6534e-01,  3.2887e-01,
         2.9193e-01,  2.5030e-01,  2.0611e-01,  1.6132e-01,  1.1377e-01,
         6.0666e-02,  7.1237e-03, -5.2489e-02, -1.1372e-01, -1.8034e-01,
        -2.5058e-01, -3.2505e-01, -4.0506e-01, -4.8793e-01, -5.7851e-01,
        -5.7807e-01, -5.7788e-01, -5.7815e-01, -5.7707e-01, -5.7751e-01,
        -5.7707e-01, -5.7923e-01, -5.7691e-01, -5.7727e-01, -5.7790e-01,
        -5.7790e-01, -4.8751e-01, -5.7843e-01, -5.7753e-01,  4.6246e-01,
         4.2921e-01,  3.9979e-01,  3.6534e-01,  3.2887e-01,  2.9193e-01,
         2.5030e-01,  2.0611e-01,  1.6132e-01,  1.1377e-01,  6.0666e-02,
         7.1237e-03, -5.2489e-02, -1.1372e-01, -1.8034e-01, -2.5058e-01,
        -3.2505e-01, -4.0506e-01, -4.8793e-01, -5.7851e-01, -5.7784e-01,
        -5.7807e-01, -5.7670e-01, -5.7691e-01, -5.7670e-01, -5.7778e-01,
         7.2456e+00, -5.7746e-01, -5.7674e-01, -5.7670e-01, -5.7795e-01,
         4.6126e-01,  4.2952e-01,  3.9948e-01,  3.6571e-01,  3.2829e-01,
         2.9092e-01,  2.5032e-01,  2.0736e-01,  1.6116e-01,  1.1270e-01,
         6.2090e-02,  6.8659e-03, -5.0868e-02, -1.1360e-01, -1.8024e-01,
        -2.5099e-01, -3.2607e-01, -4.0327e-01, -4.8688e-01, -5.7861e-01,
        -5.7807e-01,  7.2456e+00, -5.7682e-01,  7.2456e+00,  4.5836e-01,
         4.2819e-01,  3.9938e-01,  3.6537e-01,  3.2777e-01,  2.9365e-01,
         2.5161e-01,  2.1048e-01,  1.6345e-01,  1.1429e-01,  6.4085e-02,
         8.8392e-03, -4.9617e-02, -1.1215e-01, -1.7734e-01, -2.4666e-01,
        -3.2163e-01, -4.0245e-01, -4.8602e-01, -5.7562e-01, -5.7682e-01,
        -5.7790e-01, -5.7791e-01, -5.7790e-01, -5.7807e-01, -5.7730e-01,
        -5.7682e-01, -5.7791e-01, -4.8819e-01, -5.7704e-01, -5.7649e-01,
        -5.7699e-01, -5.7852e-01, -5.7699e-01, -4.8803e-01, -5.7629e-01,
        -5.7788e-01,  4.6113e-01,  4.2967e-01,  4.0059e-01,  3.6477e-01,
         3.3048e-01,  2.9091e-01,  2.5110e-01,  2.0727e-01,  1.6242e-01,
         1.1349e-01,  6.1569e-02,  7.3178e-03, -5.1097e-02, -1.1361e-01,
        -1.8100e-01, -2.5041e-01, -3.2477e-01, -4.0464e-01, -4.8937e-01,
        -5.7801e-01, -5.7753e-01, -5.7860e-01, -5.7801e-01, -5.7802e-01,
         7.2459e+00, -5.7699e-01,  4.5995e-01,  4.3094e-01,  3.9985e-01,
         3.6801e-01,  3.3008e-01,  2.9154e-01,  2.4868e-01,  2.0859e-01,
         1.6434e-01,  1.1544e-01,  6.1225e-02,  7.7993e-03, -5.1872e-02,
        -1.1276e-01, -1.7952e-01, -2.4909e-01, -3.2449e-01, -4.0370e-01,
        -4.8862e-01, -5.7721e-01, -4.8803e-01, -5.7629e-01, -5.7699e-01,
        -5.7788e-01, -5.7707e-01, -5.7649e-01, -5.7730e-01, -5.7701e-01,
        -5.7807e-01,  4.5989e-01,  4.2957e-01,  4.0046e-01,  3.6653e-01,
         3.3006e-01,  2.9130e-01,  2.5142e-01,  2.0950e-01,  1.6375e-01,
         1.1455e-01,  6.2470e-02,  8.8248e-03, -5.1064e-02, -1.1134e-01,
        -1.7682e-01, -2.4755e-01, -3.2160e-01, -4.0142e-01, -4.8623e-01,
        -5.7580e-01, -5.7682e-01, -4.8853e-01, -5.7980e-01, -5.7605e-01,
        -5.7649e-01,  4.6002e-01,  4.3012e-01,  4.0023e-01,  3.6651e-01,
         3.3048e-01,  2.9186e-01,  2.5184e-01,  2.0815e-01,  1.6134e-01,
         1.1340e-01,  6.2330e-02,  7.3002e-03, -5.1683e-02, -1.1264e-01,
        -1.8030e-01, -2.4952e-01, -3.2491e-01, -4.0407e-01, -4.8773e-01,
        -5.7829e-01, -5.7751e-01, -5.7670e-01, -5.7803e-01, -5.7682e-01,
        -5.7642e-01, -5.7872e-01,  4.6126e-01,  4.2952e-01,  3.9948e-01,
         3.6571e-01,  3.2829e-01,  2.9092e-01,  2.5032e-01,  2.0736e-01,
         1.6116e-01,  1.1270e-01,  6.2090e-02,  6.8659e-03, -5.0868e-02,
        -1.1360e-01, -1.8024e-01, -2.5099e-01, -3.2607e-01, -4.0327e-01,
        -4.8688e-01, -5.7861e-01, -5.7645e-01, -4.8755e-01, -5.7749e-01,
         4.5921e-01,  4.2918e-01,  4.0070e-01,  3.6733e-01,  3.2947e-01,
         2.9287e-01,  2.5343e-01,  2.0840e-01,  1.6298e-01,  1.1427e-01,
         6.2826e-02,  9.9908e-03, -4.9182e-02, -1.1232e-01, -1.7758e-01,
        -2.4736e-01, -3.2134e-01, -4.0204e-01, -4.8684e-01, -5.7555e-01,
        -5.7707e-01, -5.7649e-01, -5.7802e-01,  4.6035e-01,  4.3055e-01,
         3.9938e-01,  3.6501e-01,  3.3009e-01,  2.9160e-01,  2.5293e-01,
         2.0881e-01,  1.6303e-01,  1.1452e-01,  6.3006e-02,  8.0519e-03,
        -5.0901e-02, -1.1231e-01, -1.7932e-01, -2.4840e-01, -3.2409e-01,
        -4.0403e-01, -4.8698e-01, -5.7643e-01,  4.6037e-01,  4.2939e-01,
         4.0033e-01,  3.6724e-01,  3.2937e-01,  2.9268e-01,  2.5445e-01,
         2.0893e-01,  1.6127e-01,  1.1584e-01,  6.2240e-02,  9.4878e-03,
        -5.0290e-02, -1.1192e-01, -1.7847e-01, -2.4901e-01, -3.2315e-01,
        -4.0308e-01, -4.8818e-01, -5.7767e-01, -5.7855e-01, -5.7790e-01,
        -5.7807e-01,  4.6126e-01,  4.2952e-01,  3.9948e-01,  3.6571e-01,
         3.2829e-01,  2.9092e-01,  2.5032e-01,  2.0736e-01,  1.6116e-01,
         1.1270e-01,  6.2090e-02,  6.8659e-03, -5.0868e-02, -1.1360e-01,
        -1.8024e-01, -2.5099e-01, -3.2607e-01, -4.0327e-01, -4.8688e-01,
        -5.7861e-01, -4.8751e-01, -5.7843e-01, -5.7788e-01, -5.7753e-01,
         4.6246e-01,  4.2921e-01,  3.9979e-01,  3.6534e-01,  3.2887e-01,
         2.9193e-01,  2.5030e-01,  2.0611e-01,  1.6132e-01,  1.1377e-01,
         6.0666e-02,  7.1237e-03, -5.2489e-02, -1.1372e-01, -1.8034e-01,
        -2.5058e-01, -3.2505e-01, -4.0506e-01, -4.8793e-01, -5.7851e-01,
        -5.7790e-01, -5.7727e-01, -4.8823e-01, -5.7870e-01, -5.7692e-01,
        -5.7784e-01, -5.7700e-01, -5.7735e-01, -5.7793e-01, -5.7694e-01,
        -4.8800e-01, -5.7698e-01,  4.5934e-01,  4.2928e-01,  4.0013e-01,
         3.6634e-01,  3.2931e-01,  2.9113e-01,  2.5279e-01,  2.0889e-01,
         1.6184e-01,  1.1498e-01,  6.2485e-02,  8.0233e-03, -4.9930e-02,
        -1.1336e-01, -1.7990e-01, -2.4961e-01, -3.2350e-01, -4.0346e-01,
        -4.8646e-01, -5.7663e-01, -5.7783e-01, -5.7788e-01, -4.8881e-01,
        -5.7890e-01, -5.7670e-01, -5.7788e-01, -5.7727e-01, -5.7670e-01,
         4.6126e-01,  4.2952e-01,  3.9948e-01,  3.6571e-01,  3.2829e-01,
         2.9092e-01,  2.5032e-01,  2.0736e-01,  1.6116e-01,  1.1270e-01,
         6.2090e-02,  6.8659e-03, -5.0868e-02, -1.1360e-01, -1.8024e-01,
        -2.5099e-01, -3.2607e-01, -4.0327e-01, -4.8688e-01, -5.7861e-01,
        -5.7605e-01,  4.6059e-01,  4.3020e-01,  3.9988e-01,  3.6509e-01,
         3.3027e-01,  2.9120e-01,  2.5079e-01,  2.0860e-01,  1.6247e-01,
         1.1403e-01,  6.3177e-02,  6.7630e-03, -5.1328e-02, -1.1282e-01,
        -1.7853e-01, -2.4851e-01, -3.2323e-01, -4.0365e-01, -4.8791e-01,
        -5.7720e-01,  4.6090e-01,  4.2930e-01,  3.9929e-01,  3.6675e-01,
         3.2999e-01,  2.9019e-01,  2.5110e-01,  2.0862e-01,  1.6345e-01,
         1.1288e-01,  6.1287e-02,  7.4051e-03, -5.1423e-02, -1.1406e-01,
        -1.7971e-01, -2.4999e-01, -3.2414e-01, -4.0297e-01, -4.8833e-01,
        -5.7888e-01, -5.7682e-01, -5.7803e-01, -5.7605e-01, -5.7642e-01,
         4.6020e-01,  4.3034e-01,  4.0065e-01,  3.6580e-01,  3.2973e-01,
         2.9179e-01,  2.5147e-01,  2.0841e-01,  1.6196e-01,  1.1395e-01,
         6.2165e-02,  7.0052e-03, -5.2364e-02, -1.1469e-01, -1.8039e-01,
        -2.5043e-01, -3.2472e-01, -4.0425e-01, -4.8836e-01, -5.7783e-01,
        -5.7682e-01, -5.7670e-01, -5.7619e-01, -5.7691e-01, -5.7784e-01,
        -5.7855e-01, -5.7637e-01, -5.7670e-01, -5.7727e-01, -4.8750e-01,
        -5.7858e-01, -5.7645e-01, -5.7758e-01, -5.7790e-01,  4.6126e-01,
         4.2952e-01,  3.9948e-01,  3.6571e-01,  3.2829e-01,  2.9092e-01,
         2.5032e-01,  2.0736e-01,  1.6116e-01,  1.1270e-01,  6.2090e-02,
         6.8659e-03, -5.0868e-02, -1.1360e-01, -1.8024e-01, -2.5099e-01,
        -3.2607e-01, -4.0327e-01, -4.8688e-01, -5.7861e-01, -5.7699e-01,
         6.8691e+00,  7.2453e+00, -5.7691e-01, -4.8812e-01, -5.7748e-01,
        -5.7707e-01,  4.6246e-01,  4.2921e-01,  3.9979e-01,  3.6534e-01,
         3.2887e-01,  2.9193e-01,  2.5030e-01,  2.0611e-01,  1.6132e-01,
         1.1377e-01,  6.0666e-02,  7.1237e-03, -5.2489e-02, -1.1372e-01,
        -1.8034e-01, -2.5058e-01, -3.2505e-01, -4.0506e-01, -4.8793e-01,
        -5.7851e-01, -5.7637e-01, -4.8752e-01, -5.7813e-01, -5.7707e-01,
        -5.7694e-01, -5.7670e-01, -5.7871e-01, -5.7707e-01,  4.6246e-01,
         4.2921e-01,  3.9979e-01,  3.6534e-01,  3.2887e-01,  2.9193e-01,
         2.5030e-01,  2.0611e-01,  1.6132e-01,  1.1377e-01,  6.0666e-02,
         7.1237e-03, -5.2489e-02, -1.1372e-01, -1.8034e-01, -2.5058e-01,
        -3.2505e-01, -4.0506e-01, -4.8793e-01, -5.7851e-01, -5.7605e-01,
        -5.7790e-01, -5.7691e-01, -5.7855e-01, -5.7642e-01, -4.8775e-01,
        -5.7865e-01, -5.7784e-01, -5.7840e-01, -5.7670e-01, -5.7784e-01,
        -5.7852e-01, -5.7751e-01, -5.7807e-01, -4.8751e-01, -5.7843e-01,
         6.8692e+00,  7.2448e+00, -5.7751e-01, -5.7807e-01, -5.7649e-01,
         4.6126e-01,  4.2952e-01,  3.9948e-01,  3.6571e-01,  3.2829e-01,
         2.9092e-01,  2.5032e-01,  2.0736e-01,  1.6116e-01,  1.1270e-01,
         6.2090e-02,  6.8659e-03, -5.0868e-02, -1.1360e-01, -1.8024e-01,
        -2.5099e-01, -3.2607e-01, -4.0327e-01, -4.8688e-01, -5.7861e-01,
        -5.7795e-01,  4.6126e-01,  4.2952e-01,  3.9948e-01,  3.6571e-01,
         3.2829e-01,  2.9092e-01,  2.5032e-01,  2.0736e-01,  1.6116e-01,
         1.1270e-01,  6.2090e-02,  6.8659e-03, -5.0868e-02, -1.1360e-01,
        -1.8024e-01, -2.5099e-01, -3.2607e-01, -4.0327e-01, -4.8688e-01,
        -5.7861e-01, -5.7790e-01, -5.7807e-01, -5.7708e-01, -5.7784e-01,
        -5.7803e-01, -5.7682e-01,  4.6090e-01,  4.2930e-01,  3.9929e-01,
         3.6675e-01,  3.2999e-01,  2.9019e-01,  2.5110e-01,  2.0862e-01,
         1.6345e-01,  1.1288e-01,  6.1287e-02,  7.4051e-03, -5.1423e-02,
        -1.1406e-01, -1.7971e-01, -2.4999e-01, -3.2414e-01, -4.0297e-01,
        -4.8833e-01, -5.7888e-01, -5.7730e-01, -5.7692e-01, -5.7803e-01,
        -5.7807e-01,  6.8693e+00,  7.2455e+00, -5.7691e-01, -5.7735e-01,
        -5.7790e-01,  4.6246e-01,  4.2921e-01,  3.9979e-01,  3.6534e-01,
         3.2887e-01,  2.9193e-01,  2.5030e-01,  2.0611e-01,  1.6132e-01,
         1.1377e-01,  6.0666e-02,  7.1237e-03, -5.2489e-02, -1.1372e-01,
        -1.8034e-01, -2.5058e-01, -3.2505e-01, -4.0506e-01, -4.8793e-01,
        -5.7851e-01, -5.7788e-01, -5.7784e-01, -5.7858e-01, -5.7778e-01,
        -5.7682e-01, -5.7803e-01, -5.7700e-01, -5.7682e-01, -5.7788e-01,
         4.5924e-01,  4.2981e-01,  3.9914e-01,  3.6658e-01,  3.3058e-01,
         2.9125e-01,  2.5086e-01,  2.0960e-01,  1.6219e-01,  1.1494e-01,
         6.2865e-02,  8.9611e-03, -5.0181e-02, -1.1233e-01, -1.7637e-01,
        -2.4837e-01, -3.2233e-01, -4.0172e-01, -4.8676e-01, -5.7600e-01,
        -5.7788e-01, -5.7807e-01, -5.7769e-01,  7.2456e+00,  7.2456e+00,
         4.6246e-01,  4.2921e-01,  3.9979e-01,  3.6534e-01,  3.2887e-01,
         2.9193e-01,  2.5030e-01,  2.0611e-01,  1.6132e-01,  1.1377e-01,
         6.0666e-02,  7.1237e-03, -5.2489e-02, -1.1372e-01, -1.8034e-01,
        -2.5058e-01, -3.2505e-01, -4.0506e-01, -4.8793e-01, -5.7851e-01,
        -5.7707e-01, -4.8819e-01, -5.7704e-01, -5.7692e-01, -5.7642e-01,
        -5.7788e-01, -5.7682e-01, -5.7788e-01, -5.7803e-01, -5.7605e-01,
        -5.7691e-01, -5.7682e-01,  6.8693e+00,  7.2458e+00, -5.7803e-01,
        -5.7727e-01, -5.7642e-01, -4.8755e-01, -5.7749e-01, -5.7790e-01,
         4.6246e-01,  4.2921e-01,  3.9979e-01,  3.6534e-01,  3.2887e-01,
         2.9193e-01,  2.5030e-01,  2.0611e-01,  1.6132e-01,  1.1377e-01,
         6.0666e-02,  7.1237e-03, -5.2489e-02, -1.1372e-01, -1.8034e-01,
        -2.5058e-01, -3.2505e-01, -4.0506e-01, -4.8793e-01, -5.7851e-01,
        -5.7736e-01,  4.6076e-01,  4.3143e-01,  3.9950e-01,  3.6555e-01,
         3.2950e-01,  2.9185e-01,  2.5086e-01,  2.0813e-01,  1.6155e-01,
         1.1404e-01,  6.2229e-02,  7.1701e-03, -5.0477e-02, -1.1400e-01,
        -1.7999e-01, -2.4909e-01, -3.2374e-01, -4.0255e-01, -4.8643e-01,
        -5.7627e-01, -5.7645e-01, -5.7649e-01, -5.7727e-01, -5.7860e-01,
         4.6090e-01,  4.2930e-01,  3.9929e-01,  3.6675e-01,  3.2999e-01,
         2.9019e-01,  2.5110e-01,  2.0862e-01,  1.6345e-01,  1.1288e-01,
         6.1287e-02,  7.4051e-03, -5.1423e-02, -1.1406e-01, -1.7971e-01,
        -2.4999e-01, -3.2414e-01, -4.0297e-01, -4.8833e-01, -5.7888e-01,
        -5.7741e-01, -5.7778e-01, -5.7619e-01, -5.7670e-01, -5.7691e-01,
        -5.7784e-01, -4.8912e-01, -5.7811e-01, -5.7788e-01,  4.5924e-01,
         4.2981e-01,  3.9914e-01,  3.6658e-01,  3.3058e-01,  2.9125e-01,
         2.5086e-01,  2.0960e-01,  1.6219e-01,  1.1494e-01,  6.2865e-02,
         8.9611e-03, -5.0181e-02, -1.1233e-01, -1.7637e-01, -2.4837e-01,
        -3.2233e-01, -4.0172e-01, -4.8676e-01, -5.7600e-01, -5.7605e-01,
        -5.7736e-01, -5.7682e-01, -5.7735e-01,  4.6048e-01,  4.3020e-01,
         3.9805e-01,  3.6723e-01,  3.3051e-01,  2.9078e-01,  2.5118e-01,
         2.0692e-01,  1.6357e-01,  1.1225e-01,  6.1820e-02,  7.2073e-03,
        -5.1147e-02, -1.1376e-01, -1.7956e-01, -2.4982e-01, -3.2510e-01,
        -4.0313e-01, -4.8859e-01, -5.7748e-01, -5.7605e-01, -5.7784e-01,
        -5.7707e-01, -5.7858e-01, -5.7807e-01, -5.7670e-01, -5.7784e-01,
        -5.7682e-01, -5.7739e-01, -5.7605e-01, -5.7781e-01, -5.7871e-01,
        -4.8751e-01, -5.7843e-01, -5.7802e-01, -5.7790e-01, -5.7751e-01,
        -5.7790e-01, -4.8755e-01, -5.7809e-01, -5.7850e-01, -5.7807e-01,
        -5.7727e-01, -5.7788e-01, -5.7790e-01, -5.7753e-01, -5.7707e-01,
        -5.7818e-01, -5.7790e-01, -5.7784e-01, -5.7855e-01, -5.7769e-01,
        -5.7682e-01, -5.7758e-01, -4.8857e-01, -5.7882e-01,  4.6090e-01,
         4.2930e-01,  3.9929e-01,  3.6675e-01,  3.2999e-01,  2.9019e-01,
         2.5110e-01,  2.0862e-01,  1.6345e-01,  1.1288e-01,  6.1287e-02,
         7.4051e-03, -5.1423e-02, -1.1406e-01, -1.7971e-01, -2.4999e-01,
        -3.2414e-01, -4.0297e-01, -4.8833e-01, -5.7888e-01, -5.7784e-01,
        -4.8803e-01, -5.7932e-01, -5.7605e-01,  4.6120e-01,  4.3041e-01,
         3.9939e-01,  3.6511e-01,  3.2909e-01,  2.9216e-01,  2.5179e-01,
         2.0863e-01,  1.6317e-01,  1.1436e-01,  6.1815e-02,  7.1815e-03,
        -5.1025e-02, -1.1260e-01, -1.7787e-01, -2.4804e-01, -3.2316e-01,
        -4.0172e-01, -4.8705e-01, -5.7616e-01, -5.7619e-01, -5.7694e-01,
        -5.7605e-01,  4.5888e-01,  4.2845e-01,  3.9946e-01,  3.6440e-01,
         3.2978e-01,  2.9110e-01,  2.5108e-01,  2.0779e-01,  1.6167e-01,
         1.1494e-01,  6.2007e-02,  1.0539e-02, -5.2339e-02, -1.1209e-01,
        -1.7810e-01, -2.4739e-01, -3.2180e-01, -4.0137e-01, -4.8570e-01,
        -5.7619e-01,  7.2456e+00, -5.7670e-01,  4.5957e-01,  4.2875e-01,
         4.0139e-01,  3.6605e-01,  3.2983e-01,  2.9175e-01,  2.5214e-01,
         2.0989e-01,  1.6305e-01,  1.1564e-01,  6.1766e-02,  8.4099e-03,
        -4.9421e-02, -1.1298e-01, -1.7680e-01, -2.4654e-01, -3.2191e-01,
        -4.0255e-01, -4.8652e-01, -5.7467e-01,  4.6126e-01,  4.2952e-01,
         3.9948e-01,  3.6571e-01,  3.2829e-01,  2.9092e-01,  2.5032e-01,
         2.0736e-01,  1.6116e-01,  1.1270e-01,  6.2090e-02,  6.8659e-03,
        -5.0868e-02, -1.1360e-01, -1.8024e-01, -2.5099e-01, -3.2607e-01,
        -4.0327e-01, -4.8688e-01, -5.7861e-01, -5.7802e-01, -4.8751e-01,
        -5.7843e-01,  4.6090e-01,  4.2930e-01,  3.9929e-01,  3.6675e-01,
         3.2999e-01,  2.9019e-01,  2.5110e-01,  2.0862e-01,  1.6345e-01,
         1.1288e-01,  6.1287e-02,  7.4051e-03, -5.1423e-02, -1.1406e-01,
        -1.7971e-01, -2.4999e-01, -3.2414e-01, -4.0297e-01, -4.8833e-01,
        -5.7888e-01,  4.6090e-01,  4.2930e-01,  3.9929e-01,  3.6675e-01,
         3.2999e-01,  2.9019e-01,  2.5110e-01,  2.0862e-01,  1.6345e-01,
         1.1288e-01,  6.1287e-02,  7.4051e-03, -5.1423e-02, -1.1406e-01,
        -1.7971e-01, -2.4999e-01, -3.2414e-01, -4.0297e-01, -4.8833e-01,
        -5.7888e-01, -5.7670e-01, -5.7706e-01, -5.7707e-01, -4.8806e-01,
        -5.7791e-01, -5.7751e-01, -5.7784e-01, -5.7637e-01, -5.7727e-01,
        -4.8726e-01, -5.7799e-01, -5.7751e-01, -4.8755e-01, -5.7749e-01,
        -5.7701e-01, -5.7727e-01, -5.7670e-01, -4.8624e-01, -5.7917e-01,
         4.6126e-01,  4.2952e-01,  3.9948e-01,  3.6571e-01,  3.2829e-01,
         2.9092e-01,  2.5032e-01,  2.0736e-01,  1.6116e-01,  1.1270e-01,
         6.2090e-02,  6.8659e-03, -5.0868e-02, -1.1360e-01, -1.8024e-01,
        -2.5099e-01, -3.2607e-01, -4.0327e-01, -4.8688e-01, -5.7861e-01,
        -5.7735e-01, -5.7645e-01, -5.7619e-01, -5.7751e-01, -4.8819e-01,
        -5.7704e-01, -5.7788e-01, -5.7735e-01, -5.7701e-01, -5.7619e-01,
         4.6090e-01,  4.2930e-01,  3.9929e-01,  3.6675e-01,  3.2999e-01,
         2.9019e-01,  2.5110e-01,  2.0862e-01,  1.6345e-01,  1.1288e-01,
         6.1287e-02,  7.4051e-03, -5.1423e-02, -1.1406e-01, -1.7971e-01,
        -2.4999e-01, -3.2414e-01, -4.0297e-01, -4.8833e-01, -5.7888e-01,
        -5.7751e-01,  4.6126e-01,  4.2952e-01,  3.9948e-01,  3.6571e-01,
         3.2829e-01,  2.9092e-01,  2.5032e-01,  2.0736e-01,  1.6116e-01,
         1.1270e-01,  6.2090e-02,  6.8659e-03, -5.0868e-02, -1.1360e-01,
        -1.8024e-01, -2.5099e-01, -3.2607e-01, -4.0327e-01, -4.8688e-01,
        -5.7861e-01, -5.7691e-01, -5.7682e-01, -5.7788e-01,  7.2456e+00,
        -4.8752e-01, -5.7807e-01, -5.7699e-01, -5.7692e-01, -5.7755e-01,
        -5.7790e-01,  4.6246e-01,  4.2921e-01,  3.9979e-01,  3.6534e-01,
         3.2887e-01,  2.9193e-01,  2.5030e-01,  2.0611e-01,  1.6132e-01,
         1.1377e-01,  6.0666e-02,  7.1237e-03, -5.2489e-02, -1.1372e-01,
        -1.8034e-01, -2.5058e-01, -3.2505e-01, -4.0506e-01, -4.8793e-01,
        -5.7851e-01, -5.7855e-01,  4.6113e-01,  4.2967e-01,  4.0059e-01,
         3.6477e-01,  3.3048e-01,  2.9091e-01,  2.5110e-01,  2.0727e-01,
         1.6242e-01,  1.1349e-01,  6.1569e-02,  7.3178e-03, -5.1097e-02,
        -1.1361e-01, -1.8100e-01, -2.5041e-01, -3.2477e-01, -4.0464e-01,
        -4.8937e-01, -5.7801e-01], device='cuda:0')