tensor([-40., -40., -40., -40.,  -1.,  -1.,  -1.,  -1.,  -1.,  -1.,  -1.,  -1.,
         -1.,  -1.,  -1.,  -1.,  -1.,  -1.,  -1.,  -1.,  -1.,  -1.,  -1., -40.,
        -40., -40., -40.,  -1.,  -1.,  -1.,  -1.,  -1.,  -1.,  -1.,  -1.,  -1.,
         -1.,  -1.,  -1.,  -1.,  -1.,  -1.,  -1.,  -1.,  -1.,  -1., -40.,  -1.,
         -1.,  -1.,  -1.,  -1.,  -1.,  -1.,  -1.,  -1.,  -1.,  -1.,  -1.,  -1.,
         -1.,  -1.,  -1.,  -1.,  -1.,  -1., -40., -40., -40., -40., -40., -40.,
        -40.,  -1.,  -1.,  -1.,  -1.,  -1.,  -1.,  -1.,  -1.,  -1.,  -1.,  -1.,
         -1.,  -1.,  -1.,  -1.,  -1.,  -1.,  -1.,  -1., -40., -40., -40., -40.,
        -40., -40., -40., -40.,  -1.,  -1.,  -1.,  -1.,  -1.,  -1.,  -1.,  -1.,
         -1.,  -1.,  -1.,  -1.,  -1.,  -1.,  -1.,  -1.,  -1.,  -1.,  -1., -40.,
        -40.,  -1., -40., -40.,  -1.,  -1.,  -1.,  -1.,  -1.,  -1.,  -1.,  -1.,
         -1.,  -1.,  -1.,  -1.,  -1.,  -1.,  -1.,  -1.,  -1.,  -1.,  -1., -40.,
         -1.,  80., -40.,  -1., -40., -40., -40., -40.,  -1., -40., -40., -40.,
        -40., -40., -40., -40., -40., -40., -40., -40., -40., -40., -40., -40.,
         -1., -40., -40.,  -1., -40., -40.,  -1., -40., -40., -40., -40.,  -1.,
         -1.,  -1.,  -1.,  -1.,  -1.,  -1.,  -1.,  -1.,  -1.,  -1.,  -1.,  -1.,
         -1.,  -1.,  -1.,  -1.,  -1.,  -1., -40., -40.,  -1., -40., -40., -40.,
        -40.,  -1.,  -1.,  -1.,  -1.,  -1.,  -1.,  -1.,  -1.,  -1.,  -1.,  -1.,
         -1.,  -1.,  -1.,  -1.,  -1.,  -1.,  -1.,  -1., -40., -40., -40., -40.,
        -40., -40., -40.,  -1., -40., -40.,  -1.,  -1.,  -1.,  -1.,  -1.,  -1.,
         -1.,  -1.,  -1.,  -1.,  -1.,  -1.,  -1.,  -1.,  -1.,  -1.,  -1.,  -1.,
         -1., -40.,  -1., -40., -40., -40., -40., -40., -40., -40., -40., -40.,
        -40., -40., -40.,  -1.,  -1.,  -1.,  -1.,  -1.,  -1.,  -1.,  -1.,  -1.,
         -1.,  -1.,  -1.,  -1.,  -1.,  -1.,  -1.,  -1.,  -1.,  -1., -40.,  -1.,
         -1.,  -1.,  -1.,  -1.,  -1.,  -1.,  -1.,  -1.,  -1.,  -1.,  -1.,  -1.,
         -1.,  -1.,  -1.,  -1.,  -1.,  -1., -40., -40., -40.,  -1.,  -1.,  -1.,
         -1.,  -1.,  -1.,  -1.,  -1.,  -1.,  -1.,  -1.,  -1.,  -1.,  -1.,  -1.,
         -1.,  -1.,  -1.,  -1., -40., -40., -40.,  -1., -40.,  -1.,  -1.,  -1.,
         -1.,  -1.,  -1.,  -1.,  -1.,  -1.,  -1.,  -1.,  -1.,  -1.,  -1.,  -1.,
         -1.,  -1.,  -1.,  -1., -40., -40., -40., -40., -40., -40., -40., -40.,
        -40.,  80.,  -1.,  -1.,  -1.,  -1.,  -1.,  -1.,  -1.,  -1.,  -1.,  -1.,
         -1.,  -1.,  -1.,  -1.,  -1.,  -1.,  -1.,  -1.,  -1., -40., -40., -40.,
        -40.,  -1., -40., -40., -40., -40., -40., -40., -40., -40., -40.,  -1.,
         -1.,  -1.,  -1.,  -1.,  -1.,  -1.,  -1.,  -1.,  -1.,  -1.,  -1.,  -1.,
         -1.,  -1.,  -1.,  -1.,  -1.,  -1., -40., -40.,  -1., -40., -40.,  -1.,
         -1.,  -1.,  -1.,  -1.,  -1.,  -1.,  -1.,  -1.,  -1.,  -1.,  -1.,  -1.,
         -1.,  -1.,  -1.,  -1.,  -1.,  -1., -40., -40., -40., -40., -40., -40.,
        -40.,  -1.,  -1.,  -1.,  80.,  -1., -40., -40., -40., -40., -40., -40.,
        -40., -40., -40., -40., -40.,  80., -40.,  80., -40., -40., -40., -40.,
        -40.,  -1.,  -1.,  -1.,  -1.,  -1.,  -1.,  -1.,  -1.,  -1.,  -1.,  -1.,
         -1.,  -1.,  -1.,  -1.,  -1.,  -1.,  -1.,  -1., -40., -40., -40., -40.,
        -40., -40., -40.,  -1.,  -1.,  -1.,  -1.,  -1.,  -1.,  -1.,  -1.,  -1.,
         -1.,  -1.,  -1.,  -1.,  -1.,  -1.,  -1.,  -1.,  -1.,  -1., -40., -40.,
        -40.,  -1., -40., -40., -40.,  -1.,  -1.,  -1.,  -1.,  -1.,  -1.,  -1.,
         -1.,  -1.,  -1.,  -1.,  -1.,  -1.,  -1.,  -1.,  -1.,  -1.,  -1.,  -1.,
        -40., -40., -40., -40., -40., -40., -40., -40.,  -1., -40.,  -1.,  -1.,
         -1.,  -1.,  -1.,  -1.,  -1.,  -1.,  -1.,  -1.,  -1.,  -1.,  -1.,  -1.,
         -1.,  -1.,  -1.,  -1.,  -1., -40., -40., -40., -40.,  -1., -40., -40.,
         -1., -40., -40., -40., -40., -40.,  -1.,  -1.,  -1.,  -1.,  -1.,  -1.,
         -1.,  -1.,  -1.,  -1.,  -1.,  -1.,  -1.,  -1.,  -1.,  -1.,  -1.,  -1.,
         -1., -40., -40., -40., -40., -40., -40., -40., -40., -40., -40., -40.,
         -1.,  -1.,  -1.,  -1.,  -1.,  -1.,  -1.,  -1.,  -1.,  -1.,  -1.,  -1.,
         -1.,  -1.,  -1.,  -1.,  -1.,  -1.,  -1., -40., -40., -40., -40., -40.,
        -40.,  -1., -40., -40., -40., -40.,  -1.,  -1.,  -1.,  -1.,  -1.,  -1.,
         -1.,  -1.,  -1.,  -1.,  -1.,  -1.,  -1.,  -1.,  -1.,  -1.,  -1.,  -1.,
         -1., -40., -40., -40., -40., -40., -40., -40., -40., -40.,  -1.,  -1.,
         -1.,  -1.,  -1.,  -1.,  -1.,  -1.,  -1.,  -1.,  -1.,  -1.,  -1.,  -1.,
         -1.,  -1.,  -1.,  -1.,  -1., -40., -40., -40., -40., -40., -40.,  -1.,
        -40., -40., -40., -40., -40., -40.,  -1., -40., -40.,  -1., -40., -40.,
        -40., -40., -40., -40., -40., -40., -40., -40., -40.,  -1.,  80., -40.,
        -40.,  -1.,  -1.,  -1.,  -1.,  -1.,  -1.,  -1.,  -1.,  -1.,  -1.,  -1.,
         -1.,  -1.,  -1.,  -1.,  -1.,  -1.,  -1.,  -1., -40., -40., -40., -40.,
        -40., -40., -40.,  -1.,  -1.,  -1.,  -1.,  -1.,  -1.,  -1.,  -1.,  -1.,
         -1.,  -1.,  -1.,  -1.,  -1.,  -1.,  -1.,  -1.,  -1.,  -1., -40., -40.,
         -1.,  -1.,  -1.,  -1.,  -1.,  -1.,  -1.,  -1.,  -1.,  -1.,  -1.,  -1.,
         -1.,  -1.,  -1.,  -1.,  -1.,  -1.,  -1., -40., -40., -40.,  -1.,  -1.,
         -1.,  -1.,  -1.,  -1.,  -1.,  -1.,  -1.,  -1.,  -1.,  -1.,  -1.,  -1.,
         -1.,  -1.,  -1.,  -1.,  -1., -40., -40., -40., -40., -40., -40., -40.,
        -40.,  -1.,  -1.,  -1.,  -1.,  -1.,  -1.,  -1.,  -1.,  -1.,  -1.,  -1.,
         -1.,  -1.,  -1.,  -1.,  -1.,  -1.,  -1.,  -1., -40.,  -1.,  -1.,  -1.,
         -1.,  -1.,  -1.,  -1.,  -1.,  -1.,  -1.,  -1.,  -1.,  -1.,  -1.,  -1.,
         -1.,  -1.,  -1.,  -1., -40., -40., -40., -40., -40., -40., -40., -40.,
        -40., -40., -40., -40.,  -1.,  -1.,  -1.,  -1.,  -1.,  -1.,  -1.,  -1.,
         -1.,  -1.,  -1.,  -1.,  -1.,  -1.,  -1.,  -1.,  -1.,  -1.,  -1., -40.,
         -1., -40., -40., -40.,  -1.,  -1.,  -1.,  -1.,  -1.,  -1.,  -1.,  -1.,
         -1.,  -1.,  -1.,  -1.,  -1.,  -1.,  -1.,  -1.,  -1.,  -1.,  -1., -40.,
        -40., -40.,  -1.,  -1.,  -1.,  -1.,  -1.,  -1.,  -1.,  -1.,  -1.,  -1.,
         -1.,  -1.,  -1.,  -1.,  -1.,  -1.,  -1.,  -1.,  -1., -40., -40., -40.,
        -40., -40., -40., -40., -40., -40.,  -1., -40., -40.,  -1.,  -1.,  -1.,
         -1.,  -1.,  -1.,  -1.,  -1.,  -1.,  -1.,  -1.,  -1.,  -1.,  -1.,  -1.,
         -1.,  -1.,  -1.,  -1., -40., -40.,  -1., -40., -40., -40., -40., -40.,
        -40., -40., -40., -40., -40., -40., -40.,  -1.,  -1.,  -1.,  -1.,  -1.,
         -1.,  -1.,  -1.,  -1.,  -1.,  -1.,  -1.,  -1.,  -1.,  -1.,  -1.,  -1.,
         -1.,  -1., -40., -40., -40., -40., -40., -40., -40., -40.,  -1., -40.,
        -40., -40., -40., -40., -40.,  -1., -40., -40., -40., -40.,  -1., -40.,
        -40., -40., -40.,  -1., -40., -40., -40., -40.,  -1.,  -1.,  -1.,  -1.,
         -1.,  -1.,  -1.,  -1.,  -1.,  -1.,  -1.,  -1.,  -1.,  -1.,  -1.,  -1.,
         -1.,  -1.,  -1., -40., -40., -40., -40., -40., -40., -40.,  -1.,  -1.,
         -1.,  -1.,  -1.,  -1.,  -1.,  -1.,  -1.,  -1.,  -1.,  -1.,  -1.,  -1.,
         -1.,  -1.,  -1.,  -1.,  -1., -40.,  -1.,  -1.,  -1.,  -1.,  -1.,  -1.,
         -1.,  -1.,  -1.,  -1.,  -1.,  -1.,  -1.,  -1.,  -1.,  -1.,  -1.,  -1.,
         -1., -40., -40., -40.,  -1.,  -1.,  -1.,  -1.,  -1.,  -1.,  -1.,  -1.,
         -1.,  -1.,  -1.,  -1.,  -1.,  -1.,  -1.,  -1.,  -1.,  -1.,  -1., -40.,
        -40., -40., -40., -40.,  -1.,  -1.,  -1.,  -1.,  -1.,  -1.,  -1.,  -1.,
         -1.,  -1.,  -1.,  -1.,  -1.,  -1.,  -1.,  -1.,  -1.,  -1.,  -1., -40.,
         80., -40., -40., -40., -40., -40., -40., -40., -40., -40., -40., -40.,
         -1.,  -1.,  -1.,  -1.,  -1.,  -1.,  -1.,  -1.,  -1.,  -1.,  -1.,  -1.,
         -1.,  -1.,  -1.,  -1.,  -1.,  -1.,  -1., -40., -40.,  -1.,  -1.,  -1.,
         -1.,  -1.,  -1.,  -1.,  -1.,  -1.,  -1.,  -1.,  -1.,  -1.,  -1.,  -1.,
         -1.,  -1.,  -1.,  -1., -40., -40.,  -1.,  -1.,  -1.,  -1.,  -1.,  -1.,
         -1.,  -1.,  -1.,  -1.,  -1.,  -1.,  -1.,  -1.,  -1.,  -1.,  -1.,  -1.,
         -1., -40.,  -1., -40., -40.,  -1.,  -1.,  -1.,  -1.,  -1.,  -1.,  -1.,
         -1.,  -1.,  -1.,  -1.,  -1.,  -1.,  -1.,  -1.,  -1.,  -1.,  -1.,  -1.,
        -40., -40., -40., -40., -40., -40., -40., -40., -40.,  -1.,  -1.,  -1.,
         -1.,  -1.,  -1.,  -1.,  -1.,  -1.,  -1.,  -1.,  -1.,  -1.,  -1.,  -1.,
         -1.,  -1.,  -1.,  -1., -40., -40., -40., -40.,  -1.,  -1.,  -1.,  -1.,
         -1.,  -1.,  -1.,  -1.,  -1.,  -1.,  -1.,  -1.,  -1.,  -1.,  -1.,  -1.,
         -1.,  -1.,  -1., -40.,  -1.,  -1.,  -1.,  80.,  -1., -40.,  -1.,  -1.,
         -1.,  -1.,  -1.,  -1.,  -1.,  -1.,  -1.,  -1.,  -1.,  -1.,  -1.,  -1.,
         -1.,  -1.,  -1.,  -1.,  -1., -40., -40., -40.,  80.,  -1., -40., -40.,
        -40., -40., -40., -40.,  -1., -40., -40., -40., -40., -40., -40., -40.,
         -1.,  -1.,  -1.,  -1.,  -1.,  -1.,  -1.,  -1.,  -1.,  -1.,  -1.,  -1.,
         -1.,  -1.,  -1.,  -1.,  -1.,  -1.,  -1., -40., -40., -40.,  -1.,  80.,
        -40., -40.,  -1.,  -1.,  -1.,  -1.,  -1.,  -1.,  -1.,  -1.,  -1.,  -1.,
         -1.,  -1.,  -1.,  -1.,  -1.,  -1.,  -1.,  -1.,  -1., -40., -40., -40.,
        -40., -40., -40.,  -1.,  -1.,  -1.,  -1.,  -1.,  -1.,  -1.,  -1.,  -1.,
         -1.,  -1.,  -1.,  -1.,  -1.,  -1.,  -1.,  -1.,  -1.,  -1., -40., -40.,
        -40.,  -1.,  -1.,  -1.,  -1.,  -1.,  -1.,  -1.,  -1.,  -1.,  -1.,  -1.,
         -1.,  -1.,  -1.,  -1.,  -1.,  -1.,  -1.,  -1., -40., -40., -40., -40.,
        -40., -40., -40., -40., -40.,  -1., -40., -40., -40.,  -1., -40., -40.,
         80., -40., -40., -40., -40., -40., -40., -40., -40., -40., -40., -40.,
         -1.,  -1.,  -1.,  -1.,  -1.,  -1.,  -1.,  -1.,  -1.,  -1.,  -1.,  -1.,
         -1.,  -1.,  -1.,  -1.,  -1.,  -1.,  -1., -40., -40.,  -1.,  -1.,  -1.,
         -1.,  -1.,  -1.,  -1.,  -1.,  -1.,  -1.,  -1.,  -1.,  -1.,  -1.,  -1.,
         -1.,  -1.,  -1.,  -1., -40., -40., -40., -40., -40., -40., -40., -40.,
        -40., -40.,  -1.,  -1.,  -1.,  -1.,  -1.,  -1.,  -1.,  -1.,  -1.,  -1.,
         -1.,  -1.,  -1.,  -1.,  -1.,  -1.,  -1.,  -1.,  -1., -40.,  80., -40.,
         -1.,  -1.,  -1.,  -1.,  -1.,  -1.,  -1.,  -1.,  -1.,  -1.,  -1.,  -1.,
         -1.,  -1.,  -1.,  -1.,  -1.,  -1.,  -1., -40., -40., -40.,  -1.,  -1.,
         -1.,  -1.,  -1.,  -1.,  -1.,  -1.,  -1.,  -1.,  -1.,  -1.,  -1.,  -1.,
         -1.,  -1.,  -1.,  -1.,  -1., -40.], device='cuda:0')