(tensor([-40.0000, -48.9125, -42.3642, -48.9125, -42.3642, -40.0000, -47.8753,
        -40.0000, -40.0000, -40.6000, -49.9292, -40.0000, -46.2797, -40.0000,
        -43.5112, -45.1890, -40.0000, -40.0000, -40.0000, -40.0000, -40.0000,
        -40.0000, -40.0000, -42.3642, -40.0000, -40.0000, -48.3965, -40.0000,
        -49.4234, -48.3965, -45.1890, -40.0000], device='cuda:0'), tensor([-46.8169, -43.5112, -43.5112, -40.0000, -48.9125, -45.1890, -46.8169,
        -44.6353, -40.6000, -40.0000, -49.4234, -41.7821, -47.8753, -47.3487,
        -40.0000, -40.0000, -40.6000, -48.9125, -45.7371, -48.9125, -40.0000,
        -40.0000, -42.3642, -46.2797, -42.9406, -49.9292, -40.6000, -44.6353,
        -49.4234, -45.1890, -44.6353, -44.6353], device='cuda:0'), tensor([-40.0000, -42.3642, -42.9406, -42.9406, -40.0000, -40.0000, -40.0000,
        -40.0000, -49.9292, -46.8169, -42.9406, -49.4234, -49.9292, -45.1890,
        -46.2797, -42.3642, -44.0761, -47.8753, -40.0000, -49.4234, -46.8169,
        -47.8753, -40.6000, -41.7821, -46.8169, -49.9292, -40.0000, -40.0000,
        -45.7371, -50.4299, -40.0000, -43.5112], device='cuda:0'), tensor([-50.4299, -49.4234, -42.9406, -40.0000, -44.0761, -40.0000, -46.2797,
        -45.1890, -49.4234, -49.4234,  80.0000, -42.9406, -40.6000, -49.9292,
        -48.3965, -40.0000, -45.1890, -48.9125, -40.0000, -40.0000, -44.6353,
        -41.7821, -49.9292, -40.0000, -50.4299, -40.6000, -40.0000, -40.0000,
         80.0000, -45.7371, -41.1940, -47.3487], device='cuda:0'), tensor([-49.4234, -40.6000, -48.9125, -40.0000, -47.3487, -40.0000, -40.0000,
        -41.7821, -49.4234, -48.9125, -43.5112, -46.8169, -48.9125, -40.0000,
        -40.0000, -50.4299, -42.9406, -40.0000, -49.9292, -46.2797, -46.8169,
        -41.7821, -45.7371, -44.0761, -46.8169, -49.4234, -44.6353, -40.6000,
        -40.0000, -45.7371, -40.0000, -40.6000], device='cuda:0'), tensor([-43.5112, -49.4234, -41.7821, -40.0000, -40.0000, -50.4299, -47.3487,
         80.0000, -49.9292, -50.4299, -48.9125, -44.0761, -42.9406, -42.9406,
        -44.6353, -40.0000, -43.5112, -50.4299, -46.2797, -40.0000, -40.0000,
        -47.8753, -40.0000, -40.0000, -48.3965, -40.6000, -41.1940, -41.1940,
        -40.0000, -40.0000, -47.3487, -44.0761], device='cuda:0'), tensor([-40.0000, -40.0000, -45.1890, -47.3487, -40.0000, -43.5112, -42.9406,
        -41.7821, -40.0000, -40.0000, -49.4234, -40.0000, -40.0000, -44.0761,
        -45.1890, -44.0761, -43.5112, -40.0000, -44.6353, -40.6000, -46.2797,
        -47.8753, -48.9125, -49.4234, -44.0761, -44.6353, -48.3965, -41.7821,
        -49.4234, -40.0000, -43.5112, -40.6000], device='cuda:0'), tensor([-44.0761, -46.2797, -47.8753, -49.9292, -40.0000, -46.8169, -47.8753,
        -42.9406, -40.0000, -47.3487, -41.1940, -46.8169, -47.8753, -40.6000,
        -46.8169, -40.0000, -48.3965, -47.3487, -40.6000, -48.3965, -40.0000,
        -45.1890, -40.0000, -41.1940, -50.4299, -50.4299, -47.3487, -43.5112,
        -44.0761, -48.9125, -41.1940, -49.4234], device='cuda:0'), tensor([-40.0000, -40.0000, -40.0000, -40.0000, -42.3642, -42.3642, -46.2797,
        -48.3965, -41.1940, -41.1940, -40.0000, -45.1890, -40.0000, -49.9292,
        -40.0000, -40.0000, -46.8169, -40.0000, -48.9125, -43.5112, -40.0000,
        -40.6000, -50.4299, -45.1890, -40.0000, -47.8753, -43.5112, -40.0000,
        -42.9406, -42.9406, -40.0000, -46.8169], device='cuda:0'), tensor([-45.1890, -42.3642, -47.3487, -40.0000, -42.3642, -42.9406, -49.9292,
        -40.0000, -40.0000, -43.5112, -45.7371, -49.4234, -45.1890, -48.3965,
        -47.8753, -42.3642, -48.9125, -43.5112, -44.6353, -40.0000, -42.3642,
        -40.0000, -40.6000, -47.8753, -40.0000, -40.0000, -41.7821, -44.6353,
        -49.4234, -50.4299, -43.5112, -43.5112], device='cuda:0'), tensor([-42.3642, -47.8753, -42.9406, -42.9406, -47.8753, -41.1940, -40.6000,
        -40.6000, -40.0000, -47.8753, -50.4299, -40.6000, -42.3642, -43.5112,
        -47.3487, -49.9292, -40.0000, -46.2797, -40.0000, -49.9292, -40.0000,
        -47.8753, -45.7371, -40.0000, -40.6000, -42.9406, -49.4234, -50.4299,
        -46.8169, -40.0000, -42.9406, -48.9125], device='cuda:0'), tensor([-49.9292, -44.6353, -40.6000, -42.3642, -40.0000, -46.8169, -47.8753,
        -42.3642, -47.8753, -40.0000, -41.7821, -40.0000, -41.7821, -40.0000,
        -40.0000, -45.7371, -41.1940, -46.2797, -45.7371, -44.6353, -40.0000,
        -49.4234, -45.7371, -45.1890, -40.0000, -48.3965, -50.4299, -46.8169,
        -40.0000, -45.7371, -45.7371, -40.6000], device='cuda:0'), tensor([-40.0000, -42.3642, -46.8169, -48.3965, -47.3487, -40.0000, -40.0000,
        -47.3487, -43.5112, -40.0000, -44.0761, -42.3642, -40.0000, -40.0000,
        -48.3965, -50.4299, -47.8753, -40.0000, -40.6000, -40.0000, -46.8169,
        -46.2797, -42.3642, -45.1890, -40.0000, -43.5112, -45.7371, -47.3487,
        -42.3642, -48.3965, -43.5112, -40.0000], device='cuda:0'), tensor([-40.6000, -40.0000, -40.6000, -44.6353, -40.0000, -41.1940, -49.9292,
        -45.7371, -44.0761, -41.7821, -49.4234, -47.8753, -49.4234, -47.3487,
        -40.0000, -40.0000, -49.4234, -48.3965, -42.3642, -40.0000, -40.6000,
        -42.9406, -40.0000, -40.0000, -46.2797, -40.0000, -44.0761, -42.9406,
        -46.8169, -41.7821, -47.3487, -40.0000], device='cuda:0'), tensor([-47.8753, -47.8753, -41.1940, -49.4234, -46.2797, -46.8169,  80.0000,
        -40.0000,  78.2000, -42.3642, -47.8753, -40.0000, -40.0000, -40.0000,
        -49.4234, -42.3642, -41.1940, -45.7371, -40.0000, -48.3965, -48.9125,
        -42.3642, -48.9125, -42.9406, -40.0000, -40.0000, -40.0000, -40.0000,
        -45.7371, -40.6000, -49.4234, -43.5112], device='cuda:0'), tensor([-46.2797, -40.0000, -50.4299, -40.0000, -49.4234, -40.0000, -42.9406,
        -49.4234, -40.0000, -40.0000, -41.7821, -40.0000, -40.0000, -46.8169,
        -41.1940, -40.0000, -48.9125, -40.0000, -40.0000, -40.0000, -42.9406,
        -45.1890, -44.6353, -50.4299, -46.8169, -40.0000, -50.4299, -44.6353,
        -46.2797, -42.9406, -45.1890, -40.0000], device='cuda:0'), tensor([-45.1890, -40.6000, -40.6000, -40.6000, -40.0000, -40.6000,  78.2000,
        -42.3642, -40.0000, -47.3487, -41.7821, -40.0000, -48.9125, -45.1890,
        -40.0000, -42.3642, -40.0000, -44.6353, -41.1940, -47.8753, -42.3642,
        -40.6000, -40.0000, -40.0000, -41.7821, -41.7821,  80.0000, -47.8753,
        -43.5112, -47.8753, -49.9292, -41.1940], device='cuda:0'), tensor([-46.2797, -46.2797, -41.1940, -40.0000, -44.6353, -48.9125, -42.9406,
        -40.0000, -46.2797,  80.0000, -49.4234, -49.4234, -45.7371, -44.6353,
        -40.0000, -40.0000, -44.0761, -42.3642,  80.0000, -40.0000, -49.9292,
        -40.0000, -49.9292, -40.0000, -48.9125, -40.0000, -48.9125, -40.0000,
        -49.9292, -44.6353, -43.5112,  80.0000], device='cuda:0'), tensor([-40.0000, -47.3487, -50.4299, -47.3487, -42.9406, -40.0000, -47.3487,
        -40.0000, -41.7821, -40.0000, -47.8753, -45.7371, -44.0761, -47.8753,
        -40.0000, -48.9125, -45.1890, -40.0000, -48.9125, -43.5112, -46.2797,
        -43.5112, -40.0000, -42.3642, -49.4234, -49.4234, -49.9292, -40.0000,
        -40.0000, -40.0000, -40.0000, -44.6353], device='cuda:0'), tensor([-40.0000, -47.3487, -46.8169, -45.1890, -40.6000, -45.7371, -48.9125,
        -47.8753, -42.9406, -45.1890, -41.1940, -41.7821, -44.0761, -41.7821,
        -46.8169, -40.0000, -40.0000, -46.2797, -40.6000, -46.8169, -47.3487,
        -45.1890, -44.6353, -46.2797, -45.1890, -45.1890, -45.1890, -45.1890,
        -44.0761, -40.0000, -46.2797, -44.0761], device='cuda:0'), tensor([-45.7371, -41.7821, -46.8169, -48.3965, -46.2797, -49.4234, -40.6000,
        -47.3487, -43.5112, -41.7821, -49.4234, -50.4299, -48.9125, -47.3487,
        -42.9406, -40.0000, -40.0000,  76.4180, -40.0000,  74.6538, -40.0000,
        -40.0000, -45.1890, -48.9125, -40.6000, -40.6000, -40.6000, -47.3487,
        -45.7371, -40.6000, -48.9125, -40.0000], device='cuda:0'), tensor([-46.2797, -40.0000, -46.8169, -40.0000, -44.0761, -45.1890, -40.0000,
        -48.9125, -41.7821, -44.0761, -46.2797, -44.0761, -44.6353, -44.6353,
        -40.0000, -43.5112, -48.3965, -47.8753, -48.3965, -40.0000, -40.0000,
        -41.1940, -47.3487, -44.0761, -50.4299, -40.0000, -40.0000, -40.0000,
        -40.0000, -48.3965, -49.4234, -40.0000], device='cuda:0'), tensor([-41.7821, -50.4299, -40.0000, -45.7371, -43.5112, -44.0761, -40.0000,
        -45.7371, -44.0761, -40.0000, -40.6000, -48.3965, -41.1940, -50.4299,
        -40.0000, -43.5112, -40.0000, -44.6353, -47.3487, -40.0000, -46.2797,
        -42.3642, -40.0000, -45.7371, -46.8169, -40.0000, -40.0000, -46.8169,
        -41.7821, -43.5112, -45.1890, -41.7821], device='cuda:0'), tensor([-44.6353, -40.0000, -49.9292, -50.4299, -40.0000, -44.0761,  78.2000,
        -40.0000, -49.9292, -40.6000, -42.9406, -40.0000, -41.7821, -40.0000,
        -48.9125, -40.0000, -46.8169, -40.6000, -47.8753, -42.3642, -40.0000,
        -45.7371,  78.2000, -48.9125, -40.0000, -40.0000, -40.6000, -50.4299,
        -40.0000, -40.0000, -40.6000, -42.3642], device='cuda:0'), tensor([-41.7821, -44.0761, -46.2797, -41.7821, -48.3965, -40.0000, -46.2797,
        -42.9406, -41.7821, -50.4299, -47.3487, -42.9406, -44.6353, -41.1940,
        -49.4234, -43.5112, -48.3965, -40.0000, -40.0000, -40.0000, -49.9292,
        -40.0000, -40.0000, -40.6000, -40.0000, -47.3487, -45.7371, -42.9406,
        -40.0000, -40.0000, -50.4299, -40.0000], device='cuda:0'), tensor([-42.3642, -47.3487, -46.8169, -40.0000, -45.1890, -50.4299, -40.0000,
        -49.9292, -42.9406, -47.3487, -48.9125, -45.7371, -40.6000, -40.0000,
        -40.0000, -40.0000,  80.0000, -40.0000, -48.3965, -40.0000, -42.3642,
        -49.9292, -47.3487, -42.3642, -40.0000, -44.6353, -40.0000, -45.7371,
        -42.3642, -41.7821, -49.4234, -45.1890], device='cuda:0'), tensor([-40.6000, -43.5112, -49.4234, -45.1890, -47.8753, -40.0000, -40.0000,
        -45.1890, -40.0000, -41.7821, -46.8169, -47.3487, -46.8169, -40.0000,
        -40.0000, -46.8169, -40.0000, -45.1890, -48.3965, -40.0000, -50.4299,
        -48.9125, -49.4234, -49.4234, -44.0761, -42.3642, -40.0000, -41.7821,
        -47.8753, -44.6353, -41.1940, -40.0000], device='cuda:0'), tensor([-40.6000,  80.0000, -42.3642, -46.2797, -40.0000, -42.3642, -48.3965,
        -42.9406, -45.7371, -45.1890, -46.2797, -44.0761, -46.2797, -40.0000,
        -48.9125, -40.0000, -46.8169, -49.9292, -41.1940, -43.5112, -47.3487,
        -43.5112, -40.0000, -47.3487, -49.4234, -40.0000, -49.9292, -48.3965,
        -41.1940, -41.1940, -50.4299, -40.0000], device='cuda:0'), tensor([-40.0000, -50.4299, -44.6353, -44.6353, -41.1940, -48.9125, -40.0000,
        -47.8753, -45.7371, -49.9292, -47.8753, -42.3642, -48.3965, -48.3965,
        -44.6353, -40.0000, -46.2797, -40.0000, -50.4299,  78.2000, -41.1940,
        -40.0000,  80.0000, -45.1890, -40.0000, -43.5112, -48.3965, -44.0761,
        -40.0000, -47.8753, -41.7821, -40.0000], device='cuda:0'), tensor([-45.1890, -46.8169, -43.5112, -40.6000, -43.5112, -47.8753, -45.7371,
        -40.0000, -43.5112, -43.5112, -40.0000, -40.0000, -48.3965,  80.0000,
        -41.7821, -40.6000,  78.2000, -40.0000, -44.6353, -45.1890, -48.3965,
        -43.5112, -45.7371, -42.9406, -42.3642, -40.0000, -46.8169, -40.0000,
        -47.3487, -42.9406, -40.0000, -40.0000], device='cuda:0'), tensor([-48.3965, -44.0761, -40.0000, -44.0761, -40.0000, -40.0000, -40.0000,
        -45.1890, -46.2797, -46.2797, -48.9125, -42.9406, -41.1940, -40.0000,
        -45.7371, -46.8169, -41.1940, -47.8753, -44.6353, -40.6000, -46.2797,
        -42.9406, -48.3965, -41.1940, -45.1890, -50.4299, -49.9292, -49.9292,
        -40.0000, -41.1940, -40.0000, -49.4234], device='cuda:0'), tensor([-49.9292, -40.0000, -49.9292, -40.6000, -49.9292, -41.7821, -47.8753,
         80.0000, -40.0000, -45.1890, -41.7821, -48.9125, -44.0761, -40.0000,
        -45.7371, -40.0000, -47.3487, -40.0000, -40.0000, -40.0000, -40.0000,
        -41.1940, -49.9292, -45.1890, -40.0000, -47.3487, -48.9125, -41.7821,
        -47.8753, -49.9292, -40.0000, -46.2797], device='cuda:0'), tensor([-46.8169, -40.0000, -45.7371, -49.4234, -48.3965, -40.0000, -45.7371,
        -42.3642, -46.8169, -40.0000, -47.3487, -40.0000, -40.6000, -47.3487,
        -40.0000, -48.9125, -40.0000, -44.0761, -47.3487, -43.5112, -44.6353,
        -40.0000, -47.3487, -50.4299, -42.3642, -47.8753, -50.4299, -44.0761,
        -44.0761, -46.2797, -42.3642, -44.6353], device='cuda:0'), tensor([-44.0761, -44.6353, -42.3642, -47.3487, -40.0000, -41.7821, -41.1940,
        -44.6353, -42.9406, -50.4299, -50.4299, -41.1940, -50.4299, -46.8169,
        -48.9125, -46.8169, -40.0000, -48.9125, -48.9125, -40.6000, -47.3487,
        -49.4234, -46.2797, -42.9406, -41.7821, -49.4234, -41.1940, -41.1940,
        -42.3642, -40.0000, -48.3965, -44.0761], device='cuda:0'), tensor([-46.8169, -40.0000, -45.1890, -43.5112, -40.0000, -47.3487, -40.0000,
        -40.6000, -43.5112, -44.6353, -40.0000, -49.4234, -47.3487, -40.0000,
        -48.3965, -40.0000, -40.6000, -40.6000, -40.0000, -40.0000, -47.3487,
        -40.0000, -40.0000, -48.9125, -45.7371, -50.4299, -46.2797, -40.0000,
        -42.3642, -44.0761, -45.1890, -40.6000], device='cuda:0'), tensor([-46.8169, -45.7371, -46.2797, -40.0000, -44.0761, -44.6353, -41.7821,
        -42.9406, -44.0761, -44.6353, -46.8169, -40.0000, -42.3642, -40.0000,
        -40.0000, -50.4299, -48.3965, -40.6000, -42.3642, -41.7821, -50.4299,
        -40.0000, -47.8753, -46.2797, -40.0000, -41.1940, -40.0000, -41.7821,
        -44.6353, -41.7821, -46.8169, -44.0761], device='cuda:0'), tensor([-40.0000, -46.2797, -40.0000, -45.7371, -48.3965, -50.4299, -41.1940,
        -41.7821, -40.0000, -49.9292, -41.7821, -48.3965, -47.8753, -40.0000,
        -49.9292, -40.0000, -45.7371, -50.4299, -40.0000, -40.0000, -45.1890,
        -49.9292, -40.0000, -48.3965, -40.0000, -48.3965, -49.9292, -40.0000,
        -40.0000, -40.0000, -45.1890, -47.3487], device='cuda:0'), tensor([-40.0000, -49.4234, -48.3965, -40.0000, -40.0000, -49.4234, -40.0000,
        -40.6000, -40.0000, -46.2797, -41.7821, -45.7371, -42.9406, -41.1940,
        -44.0761, -40.6000, -40.0000, -45.1890, -48.3965,  80.0000, -47.8753,
        -40.0000, -41.1940, -40.0000, -44.0761, -40.0000, -40.0000, -47.8753,
        -40.0000, -40.6000, -42.9406, -40.0000], device='cuda:0'), tensor([-40.0000, -49.9292, -40.0000, -43.5112, -48.3965, -40.0000, -42.3642,
        -40.0000, -44.0761,  80.0000, -48.9125, -40.0000, -40.0000, -42.9406,
        -41.1940, -40.0000, -49.9292, -40.0000, -41.1940, -41.1940,  78.2000,
        -41.7821, -49.4234, -40.0000, -45.7371, -40.6000, -47.8753, -49.9292,
        -40.0000, -47.3487, -40.6000, -46.2797], device='cuda:0'), tensor([-49.9292, -44.6353, -40.0000, -40.0000, -44.6353, -40.0000, -40.0000,
        -40.0000, -42.9406, -50.4299, -40.6000, -40.0000, -45.7371, -42.3642,
        -40.0000, -49.9292,  78.2000, -40.0000, -40.0000, -46.8169, -40.0000,
        -40.0000, -40.0000, -41.1940, -45.7371, -43.5112, -41.7821, -40.0000,
        -40.0000, -49.4234, -40.0000, -40.0000], device='cuda:0'), tensor([-40.6000, -48.9125, -42.9406, -40.0000, -46.8169, -40.0000, -43.5112,
        -48.9125, -49.4234, -50.4299, -40.0000, -40.0000, -41.1940, -48.9125,
        -48.3965, -44.6353, -44.6353, -44.6353, -42.9406, -48.3965, -48.9125,
        -40.0000, -45.7371, -40.0000, -40.0000,  80.0000, -45.7371, -44.0761,
        -49.4234, -40.0000, -42.9406, -44.0761], device='cuda:0'), tensor([-47.3487, -44.6353, -49.9292, -48.9125, -47.8753, -44.0761, -40.0000,
        -44.0761, -46.8169, -40.0000, -45.1890, -50.4299, -48.9125, -42.9406,
        -46.2797, -48.9125, -40.6000, -49.4234, -40.0000, -47.3487, -49.9292,
        -47.8753, -40.6000, -40.0000, -49.9292, -47.8753, -40.0000, -50.4299,
        -43.5112, -40.0000, -48.3965, -40.0000], device='cuda:0'), tensor([-40.6000, -45.1890, -49.9292, -40.6000, -40.6000, -43.5112, -41.1940,
        -40.0000, -43.5112, -49.9292, -41.7821, -40.0000, -48.3965, -43.5112,
        -45.7371, -41.7821, -41.1940, -46.2797, -45.7371, -49.4234, -45.7371,
        -46.8169, -41.1940, -50.4299, -40.0000, -43.5112, -47.8753, -44.6353,
        -40.0000, -46.2797, -40.6000, -50.4299], device='cuda:0'), tensor([-40.6000, -42.9406, -40.6000, -40.0000, -41.1940, -45.7371, -46.8169,
        -44.6353, -40.0000, -50.4299, -40.6000, -47.8753, -44.6353, -46.2797,
        -42.3642, -41.7821, -40.6000, -40.0000, -49.4234, -40.6000, -45.7371,
        -47.3487, -41.7821, -50.4299, -40.0000, -40.0000, -44.0761, -44.6353,
        -48.3965, -45.1890, -49.9292, -46.2797], device='cuda:0'), tensor([-45.1890, -45.1890, -50.4299, -40.0000, -41.1940, -48.9125, -49.9292,
        -49.4234, -47.8753, -48.9125, -42.9406, -43.5112, -41.1940, -48.9125,
        -41.1940, -49.9292, -40.0000, -40.0000, -46.8169, -47.3487, -47.3487,
        -50.4299, -44.0761, -40.0000, -42.9406, -40.6000, -41.1940, -40.0000,
        -40.6000, -44.0761, -42.3642, -45.1890], device='cuda:0'), tensor([-40.0000, -40.0000, -50.4299, -46.8169, -40.6000, -48.3965, -46.8169,
        -48.3965, -41.1940, -48.3965, -47.8753, -46.2797, -48.9125, -45.1890,
        -45.7371, -44.6353, -46.2797, -46.8169, -44.6353, -47.8753, -50.4299,
        -40.0000, -49.9292, -42.9406, -44.6353, -45.7371, -41.7821, -50.4299,
        -45.7371, -40.0000, -40.0000, -48.9125], device='cuda:0'), tensor([-40.6000, -47.8753, -42.9406, -46.2797, -48.3965, -40.6000, -42.9406,
        -48.3965, -40.6000, -40.0000, -44.0761, -40.6000, -40.0000, -45.7371,
        -44.0761, -44.0761, -40.6000, -47.8753, -42.9406, -40.0000, -40.0000,
        -40.0000, -40.0000, -40.0000, -41.1940, -43.5112, -40.6000, -40.0000,
        -44.0761, -41.7821, -46.2797, -40.0000], device='cuda:0'), tensor([-40.0000, -40.0000, -43.5112, -42.3642, -40.6000, -41.1940, -41.7821,
        -45.7371, -40.6000, -40.0000, -40.0000, -49.9292, -40.6000, -40.6000,
        -40.0000, -44.6353, -42.3642, -49.9292, -40.0000, -46.8169, -40.0000,
        -48.3965, -46.2797, -40.6000, -42.3642, -46.2797, -48.3965, -40.6000,
        -43.5112, -47.3487, -44.0761, -40.0000], device='cuda:0'), tensor([-47.3487], device='cuda:0'))